0.00 0.00   0.000 [ -2.52420148e-07   6.04070240e-05  -1.00563814e-05]
0.00 0.09   1.499 [-1.22343825  0.86441288  0.04278345]
0.00 0.18   7.386 [ 5.54207117  4.51381344  1.86094079]
0.00 0.28   7.842 [  1.00125661e+00   7.77748677e+00  -2.18007102e-03]
0.00 0.37   4.333 [  5.37757415e-01   4.29935234e+00  -2.17409520e-03]
0.00 0.46   4.576 [ 4.33630107  0.45100213  1.3895944 ]
0.00 0.55   1.237 [-0.10129924  1.23241204 -0.00217987]
0.00 0.65   2.276 [-1.89277128 -0.53545287  1.14544941]
0.00 0.74   0.514 [-0.36105293 -0.36567279 -0.00218016]
0.00 0.83   7.651 [ 0.61985078 -1.41501488  7.49340178]
0.00 0.92   0.126 [ 0.10088289  0.07628243 -0.0021801 ]
0.00 1.02   2.309 [ 0.84332166 -2.04436243  0.66411375]
0.00 1.11   2.299 [-0.9611831  -2.08881401 -0.00217695]
0.00 1.20   3.895 [-2.09940769 -2.34098989  2.29810755]
0.00 1.29   0.067 [ 0.05110633  0.04321482 -0.00218021]
0.00 1.39   5.951 [-5.15211321 -2.82988946  0.92828755]
0.00 1.48   0.112 [-0.11169699  0.00378307 -0.00217926]
0.00 1.57   3.475 [-0.52780457  2.95348142  1.75389024]
0.05 0.00  22.700 [ -9.07400032   2.68410745  20.63341124]
0.05 0.09  19.410 [ -6.5295045    8.34713175  16.26173971]
0.05 0.18   4.683 [ 3.71452797 -2.84799434  0.13729048]
0.05 0.28  13.692 [  9.14966293e+00   1.01862673e+01  -2.14602171e-03]
0.05 0.37   9.725 [-4.42480288  8.63185713  0.69335565]
0.05 0.46   7.127 [ -5.31534482e-01   7.10666565e+00  -2.16307567e-03]
0.05 0.55   3.031 [  1.18204874e+00   2.79138435e+00  -2.16600959e-03]
0.05 0.65   7.705 [-5.52620584 -2.84984582  4.5502545 ]
0.05 0.74   0.906 [-0.35013491 -0.83510238 -0.00213577]
0.05 0.83  11.586 [-6.26331817  8.31204554  5.09002098]
0.05 0.92   1.516 [-1.23107001 -0.88386853 -0.00216438]
0.05 1.02   4.689 [  6.59486388e-01  -4.64192107e+00  -2.12777118e-03]
0.05 1.11   2.649 [ 1.09554157 -2.05817617  1.25801708]
0.05 1.20   3.054 [ 1.36972846  2.67697931  0.53353906]
0.05 1.29   5.309 [-4.81343579  0.85474806  2.07045185]
0.05 1.39   9.609 [ 2.86392403 -6.46618671  6.50514792]
0.05 1.48   1.969 [-1.9446073   0.30700362  0.0404142 ]
0.05 1.57   2.621 [  2.60765034e+00   2.59578122e-01  -2.11780639e-03]
0.10 0.00  15.697 [ 11.44993894  -9.59124298   4.8269566 ]
0.10 0.09   9.234 [ 2.41248903 -5.52137433  6.99697488]
0.10 0.18  45.933 [-31.61421093  33.30653708  -1.02196134]
0.10 0.28  15.269 [ -1.42910134  -8.21987715  12.78769038]
0.10 0.37  23.338 [-14.59217259 -18.10698502   1.96827886]
0.10 0.46  12.191 [ -1.05909606e+01   6.03692733e+00  -2.15863355e-03]
0.10 0.55   3.630 [ -2.98056140e+00  -2.07202953e+00  -2.16101287e-03]
0.10 0.65   1.478 [ 0.12549482 -1.47270524 -0.00216419]
0.10 0.74   5.041 [ 3.88825707  1.33930696  2.91452635]
0.10 0.83   2.305 [  1.31658667e-01  -2.30111666e+00  -2.15630664e-03]
0.10 0.92   6.156 [-4.93466586  0.74564399  3.60338609]
0.10 1.02   1.165 [ -1.13000685e+00  -2.81631182e-01  -1.07234410e-03]
0.10 1.11   1.516 [ -1.47063966e+00  -3.69799034e-01  -7.43948474e-04]
0.10 1.20   2.366 [  1.47957347e+00   1.84688448e+00  -1.24929281e-04]
0.10 1.29   0.502 [ -4.61184475e-01   1.98019105e-01   3.63698940e-04]
0.10 1.39   6.649 [-0.30013211 -6.63532929  0.30550308]
0.10 1.48   0.799 [ 0.79881581  0.00108887 -0.00185856]
0.10 1.57   7.770 [-4.0727841   6.45780195  1.44247602]
0.15 0.00  17.365 [-14.5807182   -2.27199756   9.15345121]
0.15 0.09  35.412 [-29.44861272 -19.09129047   4.72084683]
0.15 0.18  21.902 [ -9.65241846  -7.82599938  18.03594811]
0.15 0.28  27.935 [  4.32187154 -19.40089134  19.62953455]
0.15 0.37  15.490 [-7.22663003  9.36724359  9.99903802]
0.15 0.46  15.467 [ 9.62973584  8.489357    8.62659737]
0.15 0.55   4.650 [  4.55850769e+00   9.20157883e-01  -2.09012918e-03]
0.15 0.65   7.598 [ -6.42473151e+00   4.05607465e+00  -2.14628219e-03]
0.15 0.74   3.264 [-1.57179147 -2.86093485  0.00446484]
0.15 0.83   6.199 [  2.93241726e+00  -5.46167392e+00  -1.97471859e-03]
0.15 0.92   1.164 [ 0.60409051  0.82425916  0.55668666]
0.15 1.02   2.956 [ 1.27697716  2.66577007  0.03522922]
0.15 1.11   2.520 [ -7.84506267e-01   2.39460430e+00  -1.76488231e-03]
0.15 1.20   2.933 [ -5.90718993e-01   2.87276103e+00   7.16328537e-04]
0.15 1.29   5.004 [ 2.2564955  -0.47185105  4.44157377]
0.15 1.39   2.355 [  2.13055100e+00   1.00273713e+00  -1.71067310e-03]
0.15 1.48   1.504 [-1.4884761   0.21481403  0.01451545]
0.15 1.57   0.902 [-0.89454274  0.11210239 -0.00089544]
0.20 0.00  11.376 [-6.88989587  1.03506811  8.99310438]
0.20 0.09  21.030 [ 15.25869414   1.37067708  14.40631775]
0.20 0.18  28.735 [-20.12547355  18.4185098    9.02449916]
0.20 0.28  19.931 [ 18.77049503   5.87832481   3.21661877]
0.20 0.37  25.571 [-18.39083129  -4.23852474 -17.25303768]
0.20 0.46  18.789 [ 10.07395048 -14.66393783   6.04348517]
0.20 0.55   5.764 [-1.79969715  5.32794601  1.26564334]
0.20 0.65   7.672 [-7.01916761  2.35318683  2.01365747]
0.20 0.74  11.941 [ -0.30276997  11.91743127   0.6936976 ]
0.20 0.83   5.734 [ 2.40432385  5.20509834  0.04631379]
0.20 0.92   5.965 [ 0.41555729  5.5374467   2.1779234 ]
0.20 1.02   2.155 [-0.14131649  2.14489927  0.15555016]
0.20 1.11   8.839 [-0.82118594  6.16653034  6.27891136]
0.20 1.20   4.727 [ 3.14553169  3.50294181  0.41813556]
0.20 1.29   4.611 [ 3.75858735  2.67138044  0.01429325]
0.20 1.39   3.029 [ -2.31483762e+00   1.95398846e+00  -9.01607638e-04]
0.20 1.48   2.920 [ 1.93673346  2.18415996  0.06838901]
