0.04 0.00:  1.8590, [ -0.686,  -1.728]
0.04 0.04:  1.5176, [  0.083,  -1.515]
0.04 0.08:  2.0179, [ -1.362,  -1.489]
0.04 0.12:  1.2937, [ -0.784,  -1.029]
0.04 0.17:  0.8091, [ -0.809,   0.002]
0.04 0.21:  0.7712, [ -0.683,   0.358]
0.04 0.25:  0.9232, [  0.072,   0.920]
0.04 0.29:  1.6572, [  1.029,   1.299]
0.04 0.33:  2.2299, [  0.222,   2.219]
0.04 0.37:  2.2258, [ -1.003,   1.987]
0.04 0.41:  2.4681, [ -0.475,   2.422]
0.04 0.45:  2.0515, [ -0.309,   2.028]
0.04 0.50:  2.1035, [ -0.782,   1.953]
0.04 0.54:  1.9453, [ -0.808,   1.770]
0.04 0.58:  2.9078, [ -2.070,   2.042]
0.04 0.62:  3.2563, [ -2.907,   1.468]
0.04 0.66:  2.1144, [  1.232,  -1.718]
0.04 0.70:  2.7934, [  1.748,   2.179]
0.04 0.74:  2.7763, [  1.300,   2.453]
0.04 0.79:  2.1287, [  1.995,   0.743]
0.08 0.00:  0.3932, [ -0.253,   0.301]
0.08 0.04:  1.4055, [ -1.383,   0.249]
0.08 0.08:  0.3963, [ -0.108,   0.381]
0.08 0.12:  0.6839, [  0.079,   0.679]
0.08 0.17:  1.5844, [ -0.010,   1.584]
0.08 0.21:  0.6561, [ -0.461,   0.467]
0.08 0.25:  1.8923, [ -1.110,   1.533]
0.08 0.29:  0.6662, [ -0.657,   0.112]
0.08 0.33:  1.7947, [  1.767,   0.316]
0.08 0.37:  0.3103, [  0.267,  -0.158]
0.08 0.41:  0.4417, [  0.039,  -0.440]
0.08 0.45:  0.6846, [ -0.055,   0.682]
0.08 0.50:  2.7414, [  0.233,   2.731]
0.08 0.54:  1.5623, [ -0.489,   1.484]
0.08 0.58:  2.0458, [ -0.223,   2.034]
0.08 0.62:  2.6743, [  0.022,   2.674]
0.08 0.66:  3.1082, [ -0.132,   3.105]
0.08 0.70:  3.3844, [ -0.653,   3.321]
0.08 0.74:  3.8254, [ -0.773,   3.747]
0.08 0.79:  4.6880, [ -0.943,   4.592]
0.12 0.00:  1.4374, [ -1.422,   0.208]
0.12 0.04:  1.0856, [ -1.060,   0.235]
0.12 0.08:  0.3547, [ -0.268,   0.233]
0.12 0.12:  0.3550, [  0.259,   0.243]
0.12 0.17:  0.3479, [ -0.192,   0.290]
0.12 0.21:  0.3695, [ -0.176,   0.325]
0.12 0.25:  0.5779, [ -0.575,   0.060]
0.12 0.29:  0.4243, [ -0.242,  -0.349]
0.12 0.33:  0.5100, [  0.190,  -0.473]
0.12 0.37:  0.5623, [  0.562,   0.003]
0.12 0.41:  0.3574, [  0.082,  -0.348]
0.12 0.45:  1.8261, [  0.282,   1.804]
0.12 0.50:  0.8620, [ -0.517,  -0.690]
0.12 0.54:  0.3886, [ -0.199,   0.334]
0.12 0.58:  1.1014, [ -0.816,   0.740]
0.12 0.62:  2.0844, [ -0.076,   2.083]
0.12 0.66:  1.7231, [ -0.119,   1.719]
0.12 0.70:  2.2604, [ -0.067,   2.259]
0.12 0.74:  1.5337, [ -0.562,   1.427]
0.12 0.79:  3.4153, [ -0.059,   3.415]
0.17 0.00:  0.5593, [ -0.540,   0.147]
0.17 0.04:  0.7905, [ -0.766,   0.194]
0.17 0.08:  0.1309, [  0.044,   0.123]
0.17 0.12:  0.4145, [ -0.357,   0.210]
0.17 0.17:  0.1514, [  0.052,   0.142]
0.17 0.21:  0.2349, [ -0.193,   0.134]
0.17 0.25:  0.3691, [ -0.363,   0.068]
0.17 0.29:  0.9444, [  0.581,   0.744]
0.17 0.33:  0.6355, [ -0.378,   0.511]
0.17 0.37:  0.7493, [ -0.369,   0.652]
0.17 0.41:  0.7197, [  0.190,   0.694]
0.17 0.45:  0.6586, [  0.122,  -0.647]
0.17 0.50:  0.2542, [  0.005,  -0.254]
0.17 0.54:  1.1329, [ -0.365,   1.072]
0.17 0.58:  1.3201, [  0.108,   1.316]
0.17 0.62:  2.5187, [ -0.775,   2.396]
0.17 0.66:  2.0898, [  0.836,   1.915]
0.17 0.70:  1.7740, [ -0.010,   1.774]
0.17 0.74:  1.4850, [  0.313,  -1.452]
0.17 0.79:  2.2901, [ -0.085,   2.288]
0.21 0.00:  0.9942, [ -0.980,   0.168]
0.21 0.04:  0.2052, [  0.012,   0.205]
0.21 0.08:  0.3766, [ -0.336,   0.170]
0.21 0.12:  0.1716, [  0.130,   0.112]
0.21 0.17:  0.1626, [ -0.009,   0.162]
0.21 0.21:  0.2231, [ -0.200,   0.098]
0.21 0.25:  0.1774, [ -0.162,   0.072]
0.21 0.29:  0.3763, [ -0.097,   0.364]
0.21 0.33:  0.6761, [ -0.386,   0.555]
0.21 0.37:  0.7199, [ -0.399,   0.599]
0.21 0.41:  0.4046, [  0.302,   0.269]
0.21 0.45:  0.7897, [ -0.049,   0.788]
0.21 0.50:  1.0027, [ -0.467,   0.888]
0.21 0.54:  1.4748, [ -0.483,   1.393]
0.21 0.58:  1.6525, [ -0.410,   1.601]
0.21 0.62:  1.9522, [ -0.267,   1.934]
0.21 0.66:  1.1534, [ -0.327,   1.106]
0.21 0.70:  1.8427, [ -0.091,   1.840]
0.21 0.74:  2.1354, [  0.464,   2.084]
0.21 0.79:  2.7931, [ -0.381,   2.767]
0.25 0.00:  0.2628, [ -0.082,   0.250]
0.25 0.04:  0.4020, [ -0.377,   0.141]
0.25 0.08:  0.4808, [ -0.459,   0.143]
0.25 0.12:  0.3250, [ -0.319,   0.061]
0.25 0.17:  0.3617, [ -0.105,   0.346]
0.25 0.21:  0.2215, [ -0.188,   0.117]
0.25 0.25:  0.3779, [ -0.349,   0.145]
0.25 0.29:  0.4929, [ -0.301,   0.391]
0.25 0.33:  0.5387, [ -0.401,   0.360]
0.25 0.37:  0.7268, [ -0.579,   0.439]
0.25 0.41:  0.5446, [ -0.521,   0.158]
0.25 0.45:  0.3259, [  0.157,  -0.285]
0.25 0.50:  0.6448, [ -0.252,   0.594]
0.25 0.54:  1.4123, [ -0.277,   1.385]
0.25 0.58:  1.8221, [ -0.045,   1.822]
0.25 0.62:  1.5497, [ -0.042,   1.549]
0.25 0.66:  1.1384, [ -0.022,   1.138]
0.25 0.70:  1.5953, [ -0.357,   1.555]
0.25 0.74:  1.5912, [ -0.424,   1.534]
0.25 0.79:  1.9843, [ -0.752,   1.836]
0.29 0.00:  0.1919, [ -0.130,   0.141]
0.29 0.04:  0.1298, [ -0.124,  -0.039]
0.29 0.08:  0.5017, [ -0.486,   0.124]
0.29 0.12:  0.4595, [ -0.365,   0.279]
0.29 0.17:  0.3960, [ -0.331,   0.217]
0.29 0.21:  0.4632, [ -0.449,   0.114]
0.29 0.25:  0.3434, [ -0.312,   0.144]
0.29 0.29:  0.6290, [ -0.534,   0.333]
0.29 0.33:  0.4515, [ -0.417,   0.172]
0.29 0.37:  0.5374, [ -0.468,   0.263]
0.29 0.41:  0.5928, [ -0.513,   0.297]
0.29 0.45:  0.3803, [ -0.380,   0.013]
0.29 0.50:  0.5525, [ -0.503,  -0.228]
0.29 0.54:  0.5176, [ -0.001,   0.518]
0.29 0.58:  1.1164, [ -0.109,   1.111]
0.29 0.62:  1.1366, [ -0.200,   1.119]
0.29 0.66:  1.1132, [ -0.343,   1.059]
0.29 0.70:  1.2800, [ -0.459,   1.195]
0.29 0.74:  1.7740, [ -0.142,   1.768]
0.29 0.79:  2.4278, [ -0.809,   2.289]
0.33 0.00:  0.0958, [ -0.096,   0.002]
0.33 0.04:  0.2088, [ -0.203,   0.050]
0.33 0.08:  0.2919, [ -0.286,   0.058]
0.33 0.12:  0.3181, [ -0.269,   0.170]
0.33 0.17:  0.4330, [ -0.167,   0.400]
0.33 0.21:  0.2181, [ -0.217,   0.024]
0.33 0.25:  0.4696, [ -0.463,   0.080]
0.33 0.29:  0.3388, [ -0.319,   0.115]
0.33 0.33:  1.2295, [ -1.076,   0.595]
0.33 0.37:  0.5136, [ -0.445,   0.256]
0.33 0.41:  0.5616, [ -0.432,   0.358]
0.33 0.45:  0.6336, [ -0.567,   0.282]
0.33 0.50:  0.5829, [ -0.561,   0.158]
0.33 0.54:  0.4620, [  0.340,  -0.313]
0.33 0.58:  1.3072, [ -0.442,   1.230]
0.33 0.62:  0.8801, [ -0.399,   0.784]
0.33 0.66:  0.7641, [ -0.317,   0.695]
0.33 0.70:  0.8484, [  0.067,   0.846]
0.33 0.74:  1.8423, [ -0.828,   1.646]
0.33 0.79:  1.4647, [ -0.314,   1.431]
0.37 0.00:  0.4467, [ -0.424,   0.142]
0.37 0.04:  0.1998, [ -0.153,   0.129]
0.37 0.08:  0.3118, [ -0.298,   0.091]
0.37 0.12:  0.4440, [ -0.437,   0.079]
0.37 0.17:  0.3818, [ -0.348,   0.158]
0.37 0.21:  0.4100, [ -0.368,   0.181]
0.37 0.25:  0.5477, [ -0.480,   0.263]
0.37 0.29:  0.5183, [ -0.477,   0.203]
0.37 0.33:  0.5789, [ -0.522,   0.251]
0.37 0.37:  0.7346, [ -0.622,   0.391]
0.37 0.41:  0.5471, [ -0.419,   0.352]
0.37 0.45:  0.5152, [ -0.468,   0.215]
0.37 0.50:  0.5020, [ -0.490,   0.111]
0.37 0.54:  0.3029, [  0.245,  -0.178]
0.37 0.58:  0.3887, [ -0.388,   0.024]
0.37 0.62:  0.3107, [ -0.306,   0.054]
0.37 0.66:  0.6727, [ -0.318,   0.593]
0.37 0.70:  1.3659, [ -0.611,   1.222]
0.37 0.74:  1.1829, [ -0.131,   1.176]
0.37 0.79:  1.7151, [ -0.650,   1.587]
0.41 0.00:  0.3592, [ -0.336,   0.128]
0.41 0.04:  0.3620, [ -0.332,   0.144]
0.41 0.08:  0.5222, [ -0.515,   0.088]
0.41 0.12:  0.3133, [ -0.297,   0.101]
0.41 0.17:  0.3437, [ -0.300,   0.168]
0.41 0.21:  0.3865, [ -0.327,   0.206]
0.41 0.25:  0.6004, [ -0.519,   0.302]
0.41 0.29:  0.4912, [ -0.450,   0.198]
0.41 0.33:  0.5812, [ -0.542,   0.211]
0.41 0.37:  0.7051, [ -0.625,   0.326]
0.41 0.41:  0.3884, [ -0.359,   0.148]
0.41 0.45:  0.3716, [ -0.347,   0.132]
0.41 0.50:  0.3732, [ -0.372,   0.035]
0.41 0.54:  0.2239, [ -0.223,  -0.017]
0.41 0.58:  0.5571, [ -0.185,   0.526]
0.41 0.62:  0.5014, [ -0.093,   0.493]
0.41 0.66:  0.9237, [ -0.498,   0.778]
0.41 0.70:  1.0569, [  0.185,   1.041]
0.41 0.74:  0.9633, [ -0.212,   0.940]
0.41 0.79:  1.8524, [ -0.846,   1.648]
0.45 0.00:  0.5395, [ -0.516,   0.157]
0.45 0.04:  0.4725, [ -0.438,   0.177]
0.45 0.08:  0.4452, [ -0.426,   0.129]
0.45 0.12:  0.2464, [ -0.227,   0.096]
0.45 0.17:  0.2362, [ -0.214,   0.101]
0.45 0.21:  0.2931, [ -0.253,   0.148]
0.45 0.25:  0.3395, [ -0.281,   0.190]
0.45 0.29:  0.4459, [ -0.397,   0.204]
0.45 0.33:  0.4137, [ -0.350,   0.220]
0.45 0.37:  0.4431, [ -0.383,   0.223]
0.45 0.41:  0.5428, [ -0.468,   0.275]
0.45 0.45:  0.5131, [ -0.382,   0.342]
0.45 0.50:  0.4398, [ -0.337,   0.283]
0.45 0.54:  0.3559, [ -0.322,   0.151]
0.45 0.58:  0.5714, [ -0.360,   0.444]
0.45 0.62:  0.5784, [ -0.202,   0.542]
0.45 0.66:  0.8994, [ -0.155,   0.886]
0.45 0.70:  1.1727, [ -0.425,   1.093]
0.45 0.74:  1.1587, [ -0.091,   1.155]
0.45 0.79:  1.1060, [  0.015,   1.106]
0.50 0.00:  0.4847, [ -0.461,   0.150]
0.50 0.04:  0.6231, [ -0.607,   0.139]
0.50 0.08:  0.2972, [ -0.266,   0.132]
0.50 0.12:  0.2320, [ -0.210,   0.099]
0.50 0.17:  0.2384, [ -0.206,   0.120]
0.50 0.21:  0.2346, [ -0.205,   0.115]
0.50 0.25:  0.2733, [ -0.233,   0.143]
0.50 0.29:  0.4348, [ -0.374,   0.221]
0.50 0.33:  0.3351, [ -0.250,   0.224]
0.50 0.37:  0.3358, [ -0.253,   0.220]
0.50 0.41:  0.3786, [ -0.329,   0.187]
0.50 0.45:  0.7018, [ -0.392,   0.582]
0.50 0.50:  0.5475, [ -0.323,   0.442]
0.50 0.54:  0.3373, [ -0.185,   0.282]
0.50 0.58:  0.4726, [ -0.155,   0.446]
0.50 0.62:  0.8926, [ -0.501,   0.739]
0.50 0.66:  0.8631, [ -0.074,   0.860]
0.50 0.70:  1.1026, [ -0.338,   1.050]
0.50 0.74:  1.1909, [ -0.448,   1.103]
0.50 0.79:  1.2093, [ -0.515,   1.094]
0.54 0.00:  0.5715, [ -0.553,   0.144]
0.54 0.04:  0.3194, [ -0.308,   0.085]
0.54 0.08:  0.3463, [ -0.322,   0.127]
0.54 0.12:  0.2345, [ -0.195,   0.130]
0.54 0.17:  0.1989, [ -0.172,   0.099]
0.54 0.21:  0.2906, [ -0.259,   0.132]
0.54 0.25:  0.3097, [ -0.265,   0.160]
0.54 0.29:  0.3584, [ -0.326,   0.149]
0.54 0.33:  0.3215, [ -0.285,   0.149]
0.54 0.37:  0.2955, [ -0.236,   0.177]
0.54 0.41:  0.4019, [ -0.305,   0.261]
0.54 0.45:  0.4808, [ -0.301,   0.375]
0.54 0.50:  0.4815, [ -0.254,   0.409]
0.54 0.54:  0.5142, [ -0.228,   0.461]
0.54 0.58:  0.5873, [ -0.305,   0.502]
0.54 0.62:  0.7227, [ -0.356,   0.629]
0.54 0.66:  0.8693, [ -0.351,   0.795]
0.54 0.70:  1.1198, [ -0.509,   0.998]
0.54 0.74:  1.2060, [ -0.526,   1.085]
0.54 0.79:  1.3325, [ -0.580,   1.200]
0.58 0.00:  0.5387, [ -0.527,   0.112]
0.58 0.04:  0.4076, [ -0.399,   0.082]
0.58 0.08:  0.2190, [ -0.189,   0.110]
0.58 0.12:  0.2321, [ -0.192,   0.130]
0.58 0.17:  0.1909, [ -0.164,   0.097]
0.58 0.21:  0.1824, [ -0.161,   0.085]
0.58 0.25:  0.1815, [ -0.159,   0.088]
0.58 0.29:  0.2797, [ -0.250,   0.126]
0.58 0.33:  0.1831, [ -0.168,   0.073]
0.58 0.37:  0.3021, [ -0.252,   0.167]
0.58 0.41:  0.2639, [ -0.252,   0.079]
0.58 0.45:  0.3328, [ -0.278,   0.184]
0.58 0.50:  0.3946, [ -0.310,   0.244]
0.58 0.54:  0.5136, [ -0.399,   0.323]
0.58 0.58:  0.4933, [ -0.311,   0.382]
0.58 0.62:  0.8181, [ -0.533,   0.621]
0.58 0.66:  0.9149, [ -0.485,   0.776]
0.58 0.70:  1.1000, [ -0.608,   0.917]
0.58 0.74:  1.0747, [ -0.490,   0.957]
0.58 0.79:  1.3616, [ -0.669,   1.186]
0.62 0.00:  0.4064, [ -0.372,   0.163]
0.62 0.04:  0.3745, [ -0.355,   0.118]
0.62 0.08:  0.3160, [ -0.298,   0.104]
0.62 0.12:  0.1730, [ -0.139,   0.103]
0.62 0.17:  0.1672, [ -0.149,   0.075]
0.62 0.21:  0.2102, [ -0.197,   0.073]
0.62 0.25:  0.2717, [ -0.247,   0.114]
0.62 0.29:  0.3115, [ -0.283,   0.130]
0.62 0.33:  0.3696, [ -0.338,   0.150]
0.62 0.37:  0.3321, [ -0.314,   0.109]
0.62 0.41:  0.3348, [ -0.324,   0.086]
0.62 0.45:  0.2915, [ -0.291,  -0.023]
0.62 0.50:  0.2459, [ -0.237,   0.066]
0.62 0.54:  0.3223, [ -0.237,   0.219]
0.62 0.58:  0.6016, [ -0.395,   0.453]
0.62 0.62:  0.7317, [ -0.431,   0.591]
0.62 0.66:  0.7853, [ -0.400,   0.676]
0.62 0.70:  0.9678, [ -0.554,   0.793]
0.62 0.74:  1.0094, [ -0.483,   0.887]
0.62 0.79:  1.2071, [ -0.655,   1.014]
0.66 0.00:  0.3461, [ -0.313,   0.147]
0.66 0.04:  0.3733, [ -0.347,   0.139]
0.66 0.08:  0.3414, [ -0.291,   0.178]
0.66 0.12:  0.2071, [ -0.179,   0.103]
0.66 0.17:  0.1648, [ -0.149,   0.071]
0.66 0.21:  0.1747, [ -0.167,   0.050]
0.66 0.25:  0.2476, [ -0.227,   0.099]
0.66 0.29:  0.4200, [ -0.353,   0.227]
0.66 0.33:  0.2523, [ -0.247,   0.051]
0.66 0.37:  0.2665, [ -0.255,   0.078]
0.66 0.41:  0.3038, [ -0.145,   0.267]
0.66 0.45:  0.0651, [ -0.054,   0.037]
0.66 0.50:  0.2915, [ -0.068,   0.283]
0.66 0.54:  0.3295, [ -0.163,   0.287]
0.66 0.58:  0.5125, [ -0.377,   0.348]
0.66 0.62:  0.6273, [ -0.297,   0.553]
0.66 0.66:  0.6739, [ -0.327,   0.589]
0.66 0.70:  0.3989, [ -0.173,   0.359]
0.66 0.74:  0.8182, [ -0.347,   0.741]
0.66 0.79:  1.0093, [ -0.381,   0.935]
0.70 0.00:  0.2616, [ -0.228,   0.128]
0.70 0.04:  0.2287, [ -0.192,   0.124]
0.70 0.08:  0.1522, [ -0.112,   0.103]
0.70 0.12:  0.1279, [ -0.099,   0.080]
0.70 0.17:  0.1583, [ -0.142,   0.070]
0.70 0.21:  0.1819, [ -0.176,   0.047]
0.70 0.25:  0.2186, [ -0.212,   0.053]
0.70 0.29:  0.2710, [ -0.253,   0.096]
0.70 0.33:  0.2698, [ -0.229,   0.143]
0.70 0.37:  0.2948, [ -0.267,   0.126]
0.70 0.41:  0.3343, [ -0.255,   0.217]
0.70 0.45:  0.4025, [ -0.396,  -0.072]
0.70 0.50:  0.2845, [ -0.270,  -0.090]
0.70 0.54:  0.2698, [ -0.265,  -0.048]
0.70 0.58:  0.3871, [ -0.277,   0.271]
0.70 0.62:  0.5436, [ -0.396,   0.372]
0.70 0.66:  0.5155, [ -0.332,   0.395]
0.70 0.70:  0.7039, [ -0.558,   0.429]
0.70 0.74:  0.9118, [ -0.504,   0.760]
0.70 0.79:  1.0530, [ -0.440,   0.957]
0.74 0.00:  0.2558, [ -0.195,   0.165]
0.74 0.04:  0.2641, [ -0.217,   0.150]
0.74 0.08:  0.1719, [ -0.137,   0.104]
0.74 0.12:  0.1272, [ -0.107,   0.069]
0.74 0.17:  0.1200, [ -0.104,   0.060]
0.74 0.21:  0.1442, [ -0.138,   0.041]
0.74 0.25:  0.2006, [ -0.193,   0.055]
0.74 0.29:  0.2059, [ -0.193,   0.073]
0.74 0.33:  0.2823, [ -0.264,   0.100]
0.74 0.37:  0.2775, [ -0.198,   0.194]
0.74 0.41:  0.2726, [ -0.206,   0.179]
0.74 0.45:  0.3465, [ -0.228,   0.261]
0.74 0.50:  0.2451, [ -0.243,  -0.030]
0.74 0.54:  0.3725, [ -0.326,  -0.180]
0.74 0.58:  0.5314, [ -0.245,   0.472]
0.74 0.62:  0.6322, [ -0.363,   0.518]
0.74 0.66:  0.6308, [ -0.262,   0.574]
0.74 0.70:  0.7724, [ -0.237,   0.735]
0.74 0.74:  0.8507, [ -0.466,   0.712]
0.74 0.79:  0.9230, [ -0.389,   0.837]
0.79 0.00:  0.4196, [ -0.366,   0.206]
0.79 0.04:  0.2319, [ -0.134,   0.189]
0.79 0.08:  0.1688, [ -0.040,   0.164]
0.79 0.12:  0.1119, [ -0.071,   0.087]
0.79 0.17:  0.0915, [  0.011,   0.091]
0.79 0.21:  0.2557, [ -0.182,   0.179]
0.79 0.25:  0.1160, [ -0.115,   0.012]
0.79 0.29:  0.1235, [ -0.114,   0.048]
0.79 0.33:  0.2278, [ -0.203,   0.103]
0.79 0.37:  0.3694, [ -0.366,   0.048]
0.79 0.41:  0.1840, [ -0.082,  -0.165]
0.79 0.45:  0.1703, [ -0.066,   0.157]
0.79 0.50:  0.4586, [ -0.168,   0.427]
0.79 0.54:  0.1769, [ -0.039,  -0.173]
0.79 0.58:  0.4492, [ -0.040,   0.447]
0.79 0.62:  0.7212, [ -0.472,   0.546]
0.79 0.66:  0.5641, [ -0.056,   0.561]
0.79 0.70:  0.8340, [ -0.315,   0.772]
0.79 0.74:  0.7585, [ -0.289,   0.701]
0.79 0.79:  0.6625, [ -0.008,   0.662]
(4.6879613896480201, 0.082673490883941922, 0.78539816339744828)
